N2O4+M<=>NO2+NO2+M                      1.960E+28   -3.800   12840.00
CH3NHNH2+NO2=>CH3NNH2+HONO             2.200E+11    0.000    6700.00
CH3NNH2+NO2=>CH3NNH+HONO               1.000E+08    2.000       0.00
CH3NNH+NO2=>CH3NN+HONO                 2.200E+11    0.000    6700.00
CH3NHNH2=>CH3NNH+H2                    3.260E+13    0.000   18700.00
HONO+M=>NO+OH+M                 8.400E+12   0.000   17000.00
NO+OH(+M)=>HONO(+M)             1.927E+13   0.000       0.00
    LOW / 2.365E+23  -2.400       0.00 /
NO2=>NO+O                              7.600E+18   -1.270   73290.00
NO2+H=>NO+OH                           3.500E+14    0.000    1500.00
CH3NN=>CH3+N2                          3.000E+06    0.000       0.00
H2+OH<=>H2O+H                           2.160E+10    1.510       0.00
CH3+O=>H+CH2O                          8.430E+13    0.000       0.00
CH2O+O=>OH+HCO                         3.900E+13    0.000    3540.00
HCO+O=>H+CO2                           3.000E+13    0.000       0.00
CH3+NO=>HCN+H2O                        9.600E+13    0.000   28800.00
HCN+M=>H+CN+M                          1.040E+29   -3.300  126600.00
CN+H2<=>HCN+H                           2.100E+13    0.000    4710.00
NH2+H<=>NH+H2                           4.000E+13    0.000    3650.00
NH+NO=>N2+OH                           2.160E+13   -0.230       0.00
H2+O<=>H+OH                             5.060E+04    2.670    6290.63
HCN+OH=>NH2+CO                         1.600E+02    2.560    9000.00
END
